Setting to 4 stages.
Debugging using shape M=128, N=128, K=128
Computing golden values...
Golden values done!
Using shared memory = 65.536 KB.
Computing result values...
Computing results done!
0.690853    1.731197    2.771616    3.811869    4.852351    5.892762    6.933148    7.973108    9.013712    10.054203    11.094665    12.135102    13.175512    14.215897    15.256252    16.296743    
1.731197    4.868650    8.006265    11.143495    14.281300    17.418814    20.556299    23.692926    26.831257    29.968849    33.106415    36.243954    39.381466    42.518951    45.656410    48.794376    
2.771616    8.006265    13.241167    18.475462    23.710674    28.945377    34.180058    39.413441    44.649590    49.884365    55.119125    60.353851    65.588554    70.823235    76.057884    81.293419    
3.811869    11.143495    18.475462    25.806606    33.139008    40.470680    47.802330    55.132248    62.465996    69.797752    77.129471    84.461182    91.792847    99.124504    106.456108    113.789009    
4.852351    14.281300    23.710674    33.139008    42.568951    51.997936    61.426903    70.853699    80.285393    89.714462    99.143501    108.572525    118.001518    127.430473    136.859421    146.289993    
5.892762    17.418814    28.945377    40.470680    51.997936    63.524036    75.050087    86.573540    98.102959    109.629120    121.155273    132.681381    144.207458    155.733521    167.259552    178.787598    
6.933148    20.556299    34.180058    47.802330    61.426903    75.050087    88.673264    102.293358    115.920486    129.543777    143.167007    156.790192    170.413376    184.036530    197.659668    211.285217    
7.973108    23.692926    39.413441    55.132248    70.853699    86.573540    102.293358    118.009712    133.734131    149.454025    165.173950    180.893814    196.613663    212.333450    228.053238    243.775833    
9.013712    26.831257    44.649590    62.465996    80.285393    98.102959    115.920486    133.734131    151.556900    169.374557    187.192139    205.009766    222.827332    240.644852    258.462341    276.283051    
10.054203    29.968849    49.884365    69.797752    89.714462    109.629120    129.543777    149.454025    169.374557    189.289291    209.204025    229.118683    249.033356    268.947998    288.862610    308.780731    
11.094665    33.106415    55.119125    77.129471    99.143501    121.155273    143.167007    165.173950    187.192139    209.204025    231.215851    253.227631    275.239319    297.251068    319.262787    341.278442    
12.135102    36.243954    60.353851    84.461182    108.572525    132.681381    156.790192    180.893814    205.009766    229.118683    253.227631    277.336517    301.445343    325.554138    349.662933    373.776001    
13.175512    39.381466    65.588554    91.792847    118.001518    144.207458    170.413376    196.613663    222.827332    249.033356    275.239319    301.445343    327.651337    353.857178    380.063080    406.273682    
14.215897    42.518951    70.823235    99.124504    127.430473    155.733521    184.036530    212.333450    240.644852    268.947998    297.251068    325.554138    353.857178    382.160309    410.463257    438.771240    
15.256252    45.656410    76.057884    106.456108    136.859421    167.259552    197.659668    228.053238    258.462341    288.862610    319.262787    349.662933    380.063080    410.463257    440.863403    471.268799    
16.296743    48.794376    81.293419    113.789009    146.289993    178.787598    211.285217    243.775833    276.283051    308.780731    341.278442    373.776001    406.273682    438.771240    471.268799    503.772247    
17.336866    18.377266    19.417765    20.458111    21.498552    22.538847    23.579239    24.619480    25.659821    26.700010    27.740297    28.780432    29.820910    30.861485    31.901907    32.942307    
51.931480    55.068859    58.206589    61.343903    64.481575    67.618851    70.756462    73.893684    77.031250    80.168411    83.305923    86.443047    89.581009    92.718803    95.856194    98.993584    
86.527596    91.762032    96.997070    102.231461    107.466454    112.700783    117.935722    123.170006    128.404877    133.639114    138.873947    144.108139    149.343643    154.578751    159.813217    165.047684    
121.120033    128.451309    135.783463    143.114685    150.446777    157.777954    165.109985    172.441116    179.773087    187.104172    194.436096    201.767120    209.099991    216.432220    223.763504    231.094818    
155.718201    165.146683    174.576279    184.004684    193.434204    202.862595    212.292068    221.720383    231.149796    240.578064    250.007462    259.435669    268.866211    278.295868    287.724365    297.152893    
190.312790    201.838257    213.365051    224.890457    236.417175    247.942551    259.469238    270.994537    282.521149    294.046387    305.572968    317.098175    328.626190    340.153107    351.678528    363.204071    
224.907364    238.529785    252.153824    265.776184    279.400146    293.022461    306.646362    320.268616    333.892517    347.514709    361.138489    374.760651    388.386139    402.010254    415.632721    429.255188    
259.494507    275.213470    290.934265    306.653168    322.373932    338.092773    353.813507    369.532288    385.252899    400.971680    416.692291    432.410950    448.133484    463.854370    479.573395    495.292389    
294.099335    311.915863    329.734528    347.551086    365.369598    383.186066    401.004578    418.821045    436.639526    454.455841    472.274323    490.090668    507.911316    525.729980    543.546509    561.363159    
328.694031    348.607513    368.523407    388.436859    408.352722    428.266083    448.181854    468.095276    488.011017    507.924286    527.839966    547.753174    567.671387    587.587341    607.500793    627.414429    
363.288635    385.299164    407.312225    429.322632    451.335754    473.346130    495.359131    517.369446    539.382385    561.392700    583.405579    605.415710    627.431335    649.444580    671.455078    693.465637    
397.883270    421.990723    446.101074    470.208435    494.318726    518.426147    542.536316    566.643555    590.753723    614.860962    638.971130    663.078308    687.191345    711.301697    735.409241    759.516785    
432.477844    458.682281    484.889862    511.094299    537.301697    563.505981    589.713501    615.917725    642.125122    668.329346    694.536621    720.740845    746.951355    773.158875    799.363464    825.567993    
467.072449    495.373810    523.678650    551.979980    580.284729    608.585999    636.890564    665.191895    693.496460    721.797607    750.102173    778.403320    806.711365    835.016174    863.317505    891.619141    
501.666962    532.065308    562.467285    592.865601    623.267578    653.665894    684.067688    714.465881    744.867737    775.265930    805.667664    836.065918    866.471252    896.873352    927.271790    957.670288    
536.267639    568.763489    601.262939    633.758606    666.258179    698.753784    731.253235    763.748901    796.248230    828.743774    861.243164    893.738525    926.242065    958.741577    991.237427    1023.733337    
33.982941    35.023415    36.063728    37.103897    38.144409    39.184772    40.224987    41.265045    42.305450    43.345711    44.386307    45.426750    46.467049    47.507690    48.548187    49.588524    
102.131691    105.269150    108.406448    111.543579    114.681572    117.818901    120.956100    124.093140    127.231026    130.368256    133.506332    136.643753    139.781036    142.919159    146.056625    149.193939    
170.283371    175.517883    180.752228    185.986435    191.222015    196.456406    201.690659    206.924759    212.160217    217.394531    222.630157    227.864639    233.098984    238.334656    243.569199    248.803589    
238.427872    245.759216    253.090424    260.421478    267.754395    275.085632    282.416718    289.747711    297.080475    304.411621    311.744598    319.075958    326.407104    333.740173    341.071564    348.402771    
306.583618    316.012115    325.440552    334.868805    344.299408    353.727814    363.156128    372.584259    382.014709    391.443085    400.873779    410.302277    419.730652    429.161407    438.589966    448.018372    
374.732208    386.257751    397.783112    409.308380    420.836456    432.361786    443.887054    455.412201    466.940155    478.465485    489.993622    501.519135    513.044495    524.572693    536.098206    547.623596    
442.880859    456.503357    470.125702    483.747894    497.373413    510.995850    524.618042    538.240112    551.865540    565.487854    579.113464    592.735901    606.358154    619.983826    633.606384    647.228760    
511.015076    526.734131    542.453003    558.171692    573.894287    589.613220    605.331970    621.050537    636.773010    652.491821    668.214478    683.933533    699.652344    715.375000    731.094116    746.813049    
579.183960    597.000610    614.817078    632.633301    650.454041    668.270569    686.086975    703.903137    721.723633    739.540039    757.360840    775.177490    792.993958    810.814697    828.631348    846.447754    
647.332703    667.246277    687.159790    707.072998    726.991150    746.904602    766.817993    786.731140    806.649170    826.562622    846.480774    866.394409    886.307739    906.226135    926.139771    946.053101    
715.481384    737.491943    759.502319    781.512573    803.528198    825.538696    847.548950    869.559204    891.574646    913.585022    935.600708    957.611267    979.621643    1001.637512    1023.648071    1045.658569    
783.630005    807.737610    831.845032    855.952148    880.065308    904.172729    928.279968    952.387146    976.500061    1000.607483    1024.720703    1048.828125    1072.935547    1097.048706    1121.156250    1145.263672    
851.778625    877.983154    904.187561    930.391785    956.602356    982.806763    1009.010986    1035.215088    1061.425537    1087.629761    1113.840454    1140.044922    1166.249268    1192.459961    1218.664429    1244.868774    
919.927307    948.228821    976.530151    1004.831360    1033.139404    1061.440674    1089.741821    1118.042969    1146.350952    1174.652222    1202.960205    1231.261719    1259.562988    1287.871216    1316.172607    1344.473999    
988.075989    1018.474426    1048.872681    1079.270874    1109.676270    1140.074707    1170.472900    1200.870850    1231.276245    1261.674438    1292.080078    1322.478516    1352.876831    1383.282227    1413.680786    1444.078979    
1056.236694    1088.732544    1121.228149    1153.723633    1186.226929    1218.722778    1251.218262    1283.713623    1316.216919    1348.712402    1381.215942    1413.711426    1446.207153    1478.710815    1511.206543    1543.702148    
50.628712    51.669250    52.709641    53.749878    54.789959    55.830391    56.870670    57.910801    58.951271    59.991585    61.032253    62.072773    63.113136    64.153343    65.194443    66.233902    
152.331116    155.469116    158.606491    161.743698    164.880753    168.018661    171.155930    174.293045    177.430969    180.568268    183.706406    186.843887    189.981232    193.118439    196.257538    199.392456    
254.037827    259.273407    264.507812    269.742096    274.976257    280.211700    285.446045    290.680206    295.915710    301.150055    306.385773    311.620331    316.854736    322.088989    327.326172    332.556702    
355.733826    363.066772    370.398102    377.729187    385.060120    392.392914    399.724152    407.055145    414.388062    421.719238    429.052307    436.383667    443.714874    451.046021    458.381042    465.706909    
457.446686    466.877258    476.305725    485.734070    495.162231    504.592743    514.021057    523.449341    532.879883    542.308289    551.739014    561.167603    570.596069    580.024353    589.457642    598.879150    
559.148804    570.676941    582.202393    593.727600    605.252747    616.780762    628.306091    639.831238    651.359314    662.884644    674.412781    685.938416    697.463928    708.989136    720.520447    732.037354    
660.851013    674.476501    688.098938    701.721191    715.343323    728.968750    742.591064    756.213196    769.838684    783.461060    797.086731    810.709290    824.331665    837.953918    851.583130    865.195618    
762.531738    778.254272    793.973267    809.692078    825.410706    841.133179    856.851990    872.570740    888.293274    904.012085    919.734863    935.453979    951.172791    966.891602    982.618469    998.326050    
864.264160    882.084900    899.901428    917.717834    935.534119    953.354614    971.171082    988.987488    1006.808044    1024.624634    1042.445435    1060.261963    1078.078491    1095.894775    1113.720215    1131.523926    
965.966431    985.884644    1005.798218    1025.711548    1045.624756    1065.542725    1085.456177    1105.369507    1125.287598    1145.200928    1165.119385    1185.032959    1204.946289    1224.859741    1244.783081    1264.682251    
1067.668701    1089.684326    1111.694824    1133.705200    1155.715332    1177.730957    1199.741089    1221.751465    1243.766968    1265.777344    1287.793335    1309.803833    1331.814331    1353.824585    1375.845947    1397.840332    
1169.370850    1193.484009    1217.591431    1241.698730    1265.806030    1289.918823    1314.026367    1338.133545    1362.246582    1386.353882    1410.467041    1434.574707    1458.682129    1482.789307    1506.908691    1530.998779    
1271.072998    1297.283691    1323.488159    1349.692383    1375.896484    1402.106812    1428.311157    1454.515381    1480.725830    1506.930420    1533.141113    1559.345581    1585.550049    1611.754272    1637.971558    1664.157104    
1372.775269    1401.083252    1429.384644    1457.685913    1485.986938    1514.294922    1542.596069    1570.897339    1599.205444    1627.506714    1655.814941    1684.116455    1712.417725    1740.719116    1769.034180    1797.315430    
1474.477295    1504.882935    1535.281250    1565.679443    1596.077515    1626.482910    1656.881226    1687.279297    1717.684570    1748.083130    1778.488647    1808.887329    1839.285767    1869.683716    1900.097046    1930.473511    
1576.197754    1608.701172    1641.197021    1673.692383    1706.187744    1738.691162    1771.186646    1803.682129    1836.185547    1868.681030    1901.184814    1933.680542    1966.176270    1998.671997    2031.183472    2063.655762    
67.275162    68.315254    69.355232    70.396019    71.435677    72.476181    73.516518    74.556725    75.597755    76.637650    77.678391    78.718956    79.758408    80.799683    81.839806    82.879799    
202.532669    205.668777    208.805710    211.944489    215.080124    218.218613    221.355927    224.493118    227.632126    230.767975    233.906693    237.044235    240.179657    243.319916    246.456009    249.592987    
337.795990    343.028137    348.262146    353.498962    358.730682    363.967194    369.201569    374.435822    379.672882    384.904816    390.141632    395.376251    400.607758    405.847076    411.079224    416.313263    
473.045044    480.373047    487.703949    495.038666    502.366211    509.700562    517.031799    524.362854    531.697754    539.025574    546.360168    553.691650    561.018982    568.357239    575.685242    583.016113    
608.316406    617.740662    627.168701    636.601562    646.025269    655.457886    664.886292    674.314636    683.747742    693.171692    702.604492    712.033142    721.456665    730.893982    740.318176    749.746277    
743.573669    755.093872    766.618835    778.149719    789.669373    801.199951    812.725403    824.250671    835.781799    847.301697    858.832397    870.358093    881.877502    893.413879    904.934021    916.459045    
878.830933    892.447021    906.069092    919.697815    933.313477    946.942017    960.564453    974.186646    987.815735    1001.431702    1015.060425    1028.683105    1042.298462    1055.933838    1069.549805    1083.171875    
1014.059814    1029.771362    1045.489990    1061.216309    1076.927490    1092.653564    1108.372437    1124.091187    1139.817749    1155.529175    1171.255615    1186.974609    1202.685669    1218.419556    1234.131104    1249.849609    
1149.357300    1167.165527    1184.981567    1202.806641    1220.614380    1238.438965    1256.255615    1274.072021    1291.897217    1309.705078    1327.530151    1345.346802    1363.154419    1380.987793    1398.796021    1416.612183    
1284.614624    1304.518799    1324.431885    1344.354736    1364.258545    1384.181274    1404.094727    1424.008057    1443.931152    1463.835205    1483.758057    1503.671753    1523.575317    1543.507690    1563.411987    1583.325195    
1419.871704    1441.871948    1463.882080    1485.902954    1507.902710    1529.923218    1551.933838    1573.944214    1595.965210    1617.965332    1639.986206    1661.996704    1683.996216    1706.027710    1728.027832    1750.037964    
1555.129150    1579.225220    1603.332397    1627.451294    1651.546997    1675.665405    1699.772827    1723.880127    1747.999390    1772.095459    1796.214233    1820.321777    1844.417236    1868.547607    1892.643799    1916.750854    
1690.386353    1716.578491    1742.782593    1768.999390    1795.190918    1821.407471    1847.611938    1873.816284    1900.033325    1926.225342    1952.442261    1978.646851    2004.838379    2031.067505    2057.259766    2083.463623    
1825.643677    1853.931763    1882.232666    1910.547607    1938.835205    1967.149780    1995.451050    2023.752197    2052.067383    2080.355225    2108.669922    2136.971680    2165.259033    2193.587402    2221.875488    2250.176514    
1960.900757    1991.285034    2021.682983    2052.095703    2082.479248    2112.891846    2143.290039    2173.688232    2204.101318    2234.485107    2264.897949    2295.296631    2325.679932    2356.106934    2386.491211    2416.889160    
2096.182129    2128.662598    2161.157959    2193.669189    2226.149170    2258.659912    2291.155762    2323.651123    2356.162354    2388.642822    2421.154053    2453.649414    2486.129395    2518.656006    2551.136719    2583.631836    
83.920601    84.960289    86.000816    87.041176    88.081413    89.122467    90.162369    91.203140    92.243736    93.283203    94.324509    95.364655    96.404671    97.445503    98.485207    99.525772    
252.731796    255.867432    259.005951    262.143280    265.280487    268.419525    271.555420    274.694122    277.831726    280.967194    284.107452    287.243591    290.380585    293.519409    296.655060    299.793610    
421.550140    426.781799    432.018433    437.252808    442.487091    447.724152    452.956146    458.192963    463.427643    468.659058    473.898438    479.130615    484.364624    489.601562    494.833282    500.069916    
590.350769    597.678345    605.012756    612.343994    619.675049    627.010010    634.337830    641.672546    649.004028    656.331421    663.669556    670.997620    678.328491    685.663208    692.990845    700.325256    
759.179199    768.602966    778.035583    787.464050    796.892334    806.325439    815.749451    825.182190    834.610962    844.034485    853.471924    862.896057    872.324158    881.757141    891.180908    900.613525    
927.989929    939.509705    951.040283    962.565735    974.091003    985.622070    997.142212    1008.672974    1020.198486    1031.718018    1043.254395    1054.774658    1066.299683    1077.830688    1089.350342    1100.880981    
1096.800659    1110.416382    1124.044922    1137.667358    1151.289673    1164.918701    1178.534668    1192.163452    1205.786011    1219.401367    1233.036743    1246.652954    1260.275024    1273.903809    1287.519531    1301.148193    
1265.575928    1281.287354    1297.013428    1312.732422    1328.451172    1344.177734    1359.889282    1375.615601    1391.334595    1407.045776    1422.779541    1438.491211    1454.209717    1469.936157    1485.647339    1501.373535    
1434.437134    1452.244873    1470.069580    1487.886108    1505.702515    1523.527832    1541.335938    1559.160767    1576.977539    1594.785156    1612.618774    1630.426880    1648.243286    1666.068237    1683.875854    1701.700684    
1603.248169    1623.151733    1643.074585    1662.988159    1682.901367    1702.824585    1722.728516    1742.651489    1762.565186    1782.468750    1802.401245    1822.305420    1842.218628    1862.141602    1882.045410    1901.968262    
1772.058838    1794.058472    1816.079224    1838.089844    1860.100220    1882.121338    1904.121460    1926.142334    1948.152832    1970.152466    1992.183838    2014.183960    2036.194336    2058.215332    2080.215088    2102.235596    
1940.869873    1964.965698    1989.084106    2013.191650    2037.299072    2061.417969    2085.513916    2109.632568    2133.740234    2157.835938    2181.966309    2206.062500    2230.169678    2254.288574    2278.384277    2302.502930    
2109.680420    2135.872070    2162.088623    2188.293213    2214.497314    2240.714600    2266.906494    2293.123291    2319.328125    2345.519531    2371.748535    2397.940918    2424.145020    2450.361816    2476.553711    2502.770264    
2278.491211    2306.779053    2335.093506    2363.395020    2391.696045    2420.011230    2448.298828    2476.614014    2504.915283    2533.202881    2561.531250    2589.819336    2618.120605    2646.435303    2674.723145    2703.037598    
2447.301758    2477.685547    2508.097900    2538.496582    2568.894775    2599.307861    2629.691895    2660.104492    2690.502930    2720.886475    2751.313721    2781.697754    2812.095703    2842.508545    2872.892334    2903.304688    
2616.143066    2648.623047    2681.134033    2713.629883    2746.125244    2778.636475    2811.116699    2843.627441    2876.123535    2908.603760    2941.130127    2973.610596    3006.106201    3038.617188    3071.097168    3103.608154    
100.566154    101.606400    102.647476    103.687416    104.728203    105.768822    106.808311    107.849632    108.889816    109.929848    110.970718    112.010445    113.051025    114.091431    115.130707    116.171814    
302.930969    306.068176    309.207214    312.343140    315.481934    318.619507    321.754944    324.895294    328.031433    331.168427    334.307281    337.443024    340.581543    343.718903    346.854156    349.994263    
505.304382    510.538727    515.775757    521.007751    526.244568    531.479187    536.710693    541.950134    547.182373    552.416443    557.653381    562.885132    568.121826    573.356201    578.587524    583.826599    
707.656555    714.987610    722.322571    729.650452    736.985107    744.316589    751.644043    758.982178    766.310303    773.641174    780.975952    788.303589    795.638000    802.969360    810.296570    817.634583    
910.042053    919.470337    928.903503    938.327454    947.760315    957.189087    966.612671    976.050049    985.474426    994.902527    1004.335449    1013.759216    1023.191833    1032.620361    1042.043701    1051.480957    
1112.406372    1123.931641    1135.462769    1146.982788    1158.513672    1170.039307    1181.558838    1193.095093    1204.615479    1216.140625    1227.671509    1239.191284    1250.721802    1262.247192    1273.766602    1285.302734    
1314.770630    1328.392822    1342.022095    1355.637939    1369.266724    1382.889282    1396.504761    1410.140137    1423.756470    1437.378540    1451.007324    1464.623047    1478.251709    1491.874146    1505.489502    1519.124512    
1517.092529    1532.811401    1548.538086    1564.249390    1579.975830    1595.695068    1611.406128    1627.139893    1642.851562    1658.570312    1674.296875    1690.007935    1705.734009    1721.452881    1737.163940    1752.897583    
1719.517212    1737.333618    1755.158936    1772.966919    1790.791870    1808.608643    1826.416260    1844.249878    1862.058228    1879.874268    1897.699341    1915.507324    1933.332031    1951.148438    1968.956055    1986.789429    
1921.881714    1941.795044    1961.718140    1981.622314    2001.545288    2021.458984    2041.362671    2061.295166    2081.199463    2101.112549    2121.035400    2140.939209    2160.862061    2180.775635    2200.678955    2220.611084    
2124.246094    2146.256348    2168.277588    2190.277588    2212.298340    2234.309082    2256.308838    2278.340332    2300.340576    2322.350830    2344.371582    2366.371338    2388.392334    2410.402344    2432.401855    2454.432861    
2326.610596    2350.717773    2374.836914    2398.932617    2423.051758    2447.159180    2471.254883    2495.385498    2519.481689    2543.588623    2567.707520    2591.803467    2615.922119    2640.029785    2664.125000    2688.254883    
2528.974609    2555.178711    2581.396240    2607.587891    2633.804688    2660.009521    2686.200928    2712.430420    2738.622803    2764.826904    2791.043701    2817.235352    2843.451904    2869.656006    2895.847656    2922.076660    
2731.339111    2759.640381    2787.955322    2816.243164    2844.557617    2872.859375    2901.146729    2929.475342    2957.763672    2986.064697    3014.379639    3042.667236    3070.982178    3099.283447    3127.570801    3155.898926    
2933.702881    2964.101318    2994.514404    3024.898193    3055.311035    3085.709717    3116.093262    3146.520508    3176.904785    3207.302979    3237.715820    3268.099365    3298.511963    3328.910156    3359.293213    3389.720703    
3136.104004    3168.599365    3201.111084    3233.591064    3266.102539    3298.598145    3331.077881    3363.604492    3396.085205    3428.580566    3461.091797    3493.571533    3526.083008    3558.578613    3591.057861    3623.584961    
117.211777    118.252594    119.293228    120.332748    121.374092    122.414291    123.454346    124.495239    125.534988    126.575592    127.616028    128.655334    129.696457    130.737762    131.776611    132.816345    
353.130188    356.268982    359.406616    362.542084    365.682434    368.818604    371.955658    375.094452    378.230225    381.368805    384.506226    387.641510    390.781616    393.918915    397.053772    400.191467    
589.058655    594.295532    599.530151    604.761597    610.001099    615.233337    620.467468    625.704407    630.936218    636.172852    641.407288    646.638672    651.877869    657.111267    662.342163    667.577942    
824.962463    832.297119    839.628601    846.955994    854.294189    861.622314    868.953247    876.288025    883.615601    890.950195    898.281555    905.608765    912.946716    920.276062    927.602844    934.936401    
1060.904907    1070.337891    1079.766602    1089.190186    1098.627563    1108.051880    1117.479980    1126.912964    1136.336670    1145.769409    1155.197998    1164.621338    1174.058594    1183.484131    1192.906982    1202.338867    
1296.822632    1308.353638    1319.879272    1331.398926    1342.935303    1354.455566    1365.980713    1377.511597    1389.031372    1400.561890    1412.087402    1423.606812    1435.143066    1446.664551    1458.183472    1469.713379    
1532.740479    1546.369385    1559.991943    1573.607666    1587.242920    1600.859253    1614.481445    1628.110229    1641.725952    1655.354614    1668.977173    1682.592529    1696.227417    1709.844971    1723.459961    1737.087769    
1768.609009    1784.335449    1800.054688    1815.765747    1831.499512    1847.211426    1862.930176    1878.656494    1894.367798    1910.093994    1925.812988    1941.523804    1957.257446    1972.970459    1988.680908    2004.406372    
2004.597290    2022.422363    2040.239258    2058.046631    2075.880371    2093.688721    2111.504883    2129.329834    2147.137939    2164.962402    2182.779053    2200.586426    2218.419922    2236.229736    2254.036621    2271.860596    
2240.515137    2260.438477    2280.352051    2300.255615    2320.188232    2340.092529    2360.005371    2379.928223    2399.832275    2419.755127    2439.668701    2459.572021    2479.504150    2499.410156    2519.313477    2539.235107    
2476.433105    2498.453857    2520.464844    2542.464355    2564.495850    2586.496094    2608.506348    2630.527344    2652.527100    2674.547852    2696.558350    2718.557861    2740.589355    2762.591064    2784.589600    2806.609863    
2712.351074    2736.469971    2760.577881    2784.673096    2808.803467    2832.899902    2857.006836    2881.125977    2905.221680    2929.340332    2953.447510    2977.543213    3001.673584    3025.771240    3049.866455    3073.984131    
2948.269043    2974.485596    3000.690430    3026.882080    3053.111328    3079.303711    3105.507568    3131.724609    3157.916260    3184.133057    3210.337402    3236.528809    3262.758057    3288.951904    3315.143066    3341.358643    
3184.186768    3212.501709    3240.803467    3269.090820    3297.419434    3325.707520    3354.008057    3382.323242    3410.611084    3438.925293    3467.226807    3495.514404    3523.842529    3552.132324    3580.418945    3608.733154    
3420.104248    3450.517334    3480.916260    3511.299316    3541.726807    3572.111084    3602.509033    3632.921875    3663.305664    3693.718262    3724.116455    3754.500244    3784.927246    3815.313232    3845.696045    3876.107666    
3656.064941    3688.576172    3721.072021    3753.552002    3786.078613    3818.559326    3851.054443    3883.566162    3916.045898    3948.556885    3981.052734    4013.532227    4046.058838    4078.540771    4111.020020    4143.530762    

Golden:
0.690918 1.73145 2.77148 3.8125 4.85156 5.89453 6.93359 7.97266 9.01562 10.0547 11.0938 12.1328 13.1719 14.2188 15.2578 16.2969 17.3438 18.375 19.4219 20.4531 21.5 22.5312 23.5781 24.625 25.6562 26.7031 27.7344 28.7812 29.8281 30.8594 31.9062 32.9375 33.9688 35.0312 36.0625 37.0938 38.1562 39.1875 40.2188 41.25 42.3125 43.3438 44.375 45.4375 46.4688 47.5 48.5625 49.5938 50.625 51.6562 52.7188 53.75 54.7812 55.8438 56.875 57.9062 58.9375 60 61.0312 62.0625 63.125 64.125 65.1875 66.25 67.25 68.3125 69.375 70.375 71.4375 72.5 73.5 74.5625 75.625 76.625 77.6875 78.75 79.75 80.8125 81.8125 82.875 83.9375 84.9375 86 87.0625 88.0625 89.125 90.1875 91.1875 92.25 93.3125 94.3125 95.375 96.375 97.4375 98.5 99.5 100.562 101.625 102.625 103.688 104.75 105.75 106.812 107.875 108.875 109.938 111 112 113.062 114.062 115.125 116.188 117.188 118.25 119.312 120.312 121.375 122.438 123.438 124.5 125.562 126.562 127.625 128.625 129.75 130.75 131.75 132.875 
1.73145 4.86719 8.00781 11.1406 14.2812 17.4219 20.5625 23.6875 26.8281 29.9688 33.0938 36.25 39.375 42.5312 45.6562 48.7812 51.9375 55.0625 58.2188 61.3438 64.5 67.625 70.75 73.875 77.0625 80.1875 83.3125 86.4375 89.5625 92.75 95.875 99 102.125 105.25 108.438 111.562 114.688 117.812 120.938 124.062 127.25 130.375 133.5 136.625 139.75 142.875 146 149.25 152.375 155.5 158.625 161.75 164.875 168 171.125 174.25 177.375 180.625 183.75 186.875 190 193.125 196.25 199.375 202.5 205.625 208.75 212 215.125 218.25 221.375 224.5 227.625 230.75 233.875 237 240.125 243.375 246.5 249.625 252.75 255.875 259 262.25 265.25 268.5 271.5 274.75 277.75 281 284 287.25 290.5 293.5 296.75 299.75 303 306 309.25 312.25 315.5 318.5 321.75 325 328 331.25 334.25 337.5 340.5 343.75 346.75 350 353.25 356.25 359.5 362.5 365.75 368.75 372 375 378.25 381.25 384.5 387.75 390.75 394 397 400.25 
2.77148 8.00781 13.2422 18.4688 23.7031 28.9531 34.1875 39.4062 44.6562 49.875 55.125 60.3438 65.5625 70.8125 76.0625 81.3125 86.5 91.75 97 102.25 107.438 112.688 117.938 123.188 128.375 133.625 138.875 144.125 149.375 154.625 159.875 165 170.25 175.5 180.75 186 191.25 196.5 201.75 206.875 212.125 217.375 222.625 227.875 233.125 238.375 243.625 248.75 254 259.25 264.5 269.75 275 280.25 285.5 290.75 296 301.25 306.5 311.5 316.75 322 327.25 332.5 337.75 343 348.25 353.5 358.75 364 369.25 374.5 379.75 385 390.25 395.5 400.5 405.75 411 416.25 421.5 426.75 432 437.25 442.5 447.75 453 458.25 463.5 468.75 474 479.25 484.25 489.5 494.75 500 505.25 510.5 516 521 526 531.5 536.5 542 547 552.5 557.5 563 568 573.5 578.5 584 589 594.5 599.5 605 610 615 620.5 625.5 631 636 641.5 646.5 652 657 662.5 667.5 
3.8125 11.1406 18.4688 25.8125 33.125 40.4688 47.8125 55.125 62.4688 69.8125 77.125 84.4375 91.8125 99.125 106.438 113.812 121.125 128.5 135.75 143.125 150.5 157.75 165.125 172.5 179.75 187.125 194.375 201.75 209.125 216.375 223.75 231.125 238.375 245.75 253.125 260.5 267.75 275 282.5 289.75 297 304.5 311.75 319 326.5 333.75 341 348.5 355.75 363 370.5 377.75 385 392.5 399.75 407 414.5 421.75 429 436.5 443.75 451 458.5 465.75 473 480.25 487.75 495 502.25 509.75 517 524.5 531.5 539 546.5 553.5 561 568.5 575.5 583 590.5 597.5 605 612.5 619.5 627 634.5 641.5 649 656.5 663.5 671 678.5 685.5 693 700.5 707.5 715 722.5 729.5 737 744.5 751.5 759 766.5 773.5 781 788.5 795.5 803 810.5 817.5 825 832.5 839.5 847 854.5 861.5 869 876.5 883.5 891 898.5 905.5 913 920.5 927.5 935 
4.85156 14.2812 23.7031 33.125 42.5625 52 61.4375 70.875 80.3125 89.6875 99.125 108.562 118 127.438 136.875 146.25 155.75 165.125 174.625 184 193.375 202.875 212.25 221.75 231.125 240.625 250 259.5 268.75 278.25 287.75 297.25 306.5 316 325.5 334.75 344.25 353.75 363.25 372.5 382 391.5 400.75 410.25 419.75 429.25 438.5 448 457.5 467 476.25 485.75 495.25 504.5 514 523.5 533 542.5 551.5 561 570.5 580 589.5 599 608.5 617.5 627 636.5 646 655.5 665 674.5 683.5 693 702.5 712 721.5 731 740.5 749.5 759 768.5 778 787.5 797 806.5 815.5 825 834.5 844 853.5 863 872.5 882 891 900.5 910 919.5 929 938.5 948 957 966.5 976 985.5 995 1004.5 1014 1023 1033 1042 1051 1061 1070 1080 1089 1099 1108 1117 1127 1136 1146 1155 1165 1174 1183 1193 1202 
5.89453 17.4219 28.9531 40.4688 52 63.5312 75.0625 86.5625 98.125 109.625 121.125 132.625 144.25 155.75 167.25 178.75 190.375 201.875 213.375 224.875 236.375 248 259.5 271 282.5 294 305.5 317 328.75 340.25 351.75 363.25 374.75 386.25 397.75 409.25 420.75 432.25 444 455.5 467 478.5 490 501.5 513 524.5 536 547.5 559 570.5 582 593.5 605.5 617 628.5 640 651.5 663 674.5 686 697.5 709 720.5 732 743.5 755 766.5 778 789.5 801 812.5 824.5 836 847.5 859 870.5 882 893.5 905 916.5 928 939.5 951 962.5 974 985.5 997 1008.5 1020 1032 1043 1055 1066 1078 1089 1101 1112 1124 1135 1147 1159 1170 1182 1193 1205 1216 1228 1239 1251 1262 1274 1285 1297 1308 1320 1331 1343 1354 1366 1378 1389 1401 1412 1424 1435 1447 1458 1470 
6.93359 20.5625 34.1875 47.8125 61.4375 75.0625 88.6875 102.312 115.938 129.5 143.125 156.75 170.375 184 197.625 211.25 224.875 238.5 252.125 265.75 279.5 293 306.75 320.25 334 347.5 361.25 374.75 388.5 402 415.75 429.25 443 456.5 470.25 483.75 497.25 511 524.5 538 552 565.5 579 592.5 606.5 620 633.5 647 661 674.5 688 701.5 715.5 729 742.5 756 770 783.5 797 810.5 824.5 838 851.5 865 879 892.5 906 919.5 933.5 947 960.5 974 988 1001.5 1015 1029 1042 1056 1070 1083 1097 1110 1124 1138 1151 1165 1179 1192 1206 1219 1233 1247 1260 1274 1288 1301 1315 1328 1342 1356 1369 1383 1397 1410 1424 1437 1451 1465 1478 1492 1505 1519 1533 1546 1560 1574 1587 1601 1614 1628 1642 1655 1669 1683 1696 1710 1723 1737 
7.97266 23.6875 39.4062 55.125 70.875 86.5625 102.312 118 133.75 149.5 165.125 180.875 196.625 212.375 228 243.75 259.5 275.25 291 306.75 322.25 338 353.75 369.5 385.25 401 416.75 432.5 448.25 463.75 479.5 495.25 511 526.5 542.5 558 574 589.5 605.5 621 637 652.5 668 684 699.5 715.5 731 747 762.5 778.5 794 809.5 825.5 841 857 872.5 888.5 904 919.5 935.5 951 967 982.5 998.5 1014 1030 1045 1061 1077 1093 1108 1124 1140 1156 1171 1187 1203 1218 1234 1250 1266 1281 1297 1313 1328 1344 1360 1376 1391 1407 1423 1438 1454 1470 1486 1501 1517 1533 1549 1564 1580 1596 1611 1627 1643 1659 1674 1690 1706 1721 1737 1753 1769 1784 1800 1816 1832 1847 1863 1879 1894 1910 1926 1942 1957 1973 1989 2004 
9.01562 26.8281 44.6562 62.4688 80.3125 98.125 115.938 133.75 151.5 169.375 187.25 205 222.875 240.625 258.5 276.25 294 312 329.75 347.5 365.25 383.25 401 418.75 436.75 454.5 472.25 490 508 525.5 543.5 561.5 579 597 615 632.5 650.5 668.5 686 704 721.5 739.5 757.5 775 793 811 828.5 846.5 864.5 882 900 917.5 935.5 953.5 971 989 1007 1025 1042 1060 1078 1096 1114 1132 1149 1167 1185 1203 1221 1238 1256 1274 1292 1310 1328 1345 1363 1381 1399 1417 1434 1452 1470 1488 1506 1524 1541 1559 1577 1595 1613 1630 1648 1666 1684 1702 1720 1737 1755 1773 1791 1809 1826 1844 1862 1880 1898 1916 1933 1951 1969 1987 2005 2022 2040 2058 2076 2094 2112 2130 2148 2164 2182 2200 2218 2236 2254 2272 
10.0547 29.9688 49.875 69.8125 89.6875 109.625 129.5 149.5 169.375 189.25 209.25 229.125 249 269 288.75 308.75 328.75 348.5 368.5 388.5 408.25 428.25 448.25 468 488 508 528 548 567.5 587.5 607.5 627.5 647.5 667 687 707 727 747 767 786.5 806.5 826.5 846.5 866.5 886.5 906 926 946 966 986 1006 1026 1046 1066 1085 1105 1125 1145 1165 1185 1205 1225 1245 1265 1285 1305 1324 1344 1364 1384 1404 1424 1444 1464 1484 1504 1524 1544 1563 1583 1603 1623 1643 1663 1683 1703 1723 1743 1763 1782 1802 1822 1842 1862 1882 1902 1922 1942 1962 1982 2002 2021 2041 2062 2082 2102 2122 2140 2160 2180 2200 2220 2240 2260 2280 2300 2320 2340 2360 2380 2400 2420 2440 2460 2480 2500 2520 2540 
11.0938 33.0938 55.125 77.125 99.125 121.125 143.125 165.125 187.25 209.25 231.25 253.25 275.25 297.25 319.25 341.25 363.25 385.25 407.25 429.25 451.25 473.25 495.25 517.5 539.5 561.5 583.5 605.5 627.5 649.5 671.5 693.5 715.5 737.5 759.5 781.5 803.5 825.5 847.5 869.5 891.5 913.5 935.5 957.5 979.5 1001.5 1023.5 1046 1068 1090 1112 1134 1156 1178 1200 1222 1244 1266 1288 1310 1332 1354 1376 1398 1420 1442 1464 1486 1508 1530 1552 1574 1596 1618 1640 1662 1684 1706 1728 1750 1772 1794 1816 1838 1860 1882 1904 1926 1948 1970 1992 2014 2036 2058 2080 2102 2124 2146 2168 2190 2212 2234 2256 2278 2300 2322 2344 2366 2388 2410 2432 2454 2476 2498 2520 2542 2564 2586 2608 2630 2652 2674 2696 2718 2740 2762 2784 2806 
12.1328 36.25 60.3438 84.4375 108.562 132.625 156.75 180.875 205 229.125 253.25 277.25 301.5 325.5 349.75 373.75 398 422 446 470.25 494.25 518.5 542.5 566.5 591 615 639 663 687 711.5 735.5 759.5 783.5 807.5 832 856 880 904 928.5 952.5 976.5 1000.5 1025 1049 1073 1097 1121 1145 1169 1193 1218 1242 1266 1290 1314 1338 1362 1386 1410 1435 1459 1483 1507 1531 1555 1579 1603 1627 1652 1676 1700 1724 1748 1772 1796 1820 1844 1869 1893 1917 1941 1965 1989 2013 2037 2062 2086 2110 2134 2158 2182 2206 2230 2254 2278 2302 2326 2350 2374 2398 2424 2448 2472 2496 2520 2544 2568 2592 2616 2640 2664 2688 2712 2736 2760 2784 2808 2832 2858 2882 2906 2930 2954 2978 3002 3026 3050 3074 
13.1719 39.375 65.5625 91.8125 118 144.25 170.375 196.625 222.875 249 275.25 301.5 327.75 353.75 380 406.25 432.5 458.75 485 511 537.5 563.5 589.5 616 642 668.5 694.5 720.5 747 773 799.5 825.5 852 878 904 930.5 956.5 983 1009 1035 1061 1088 1114 1140 1166 1192 1219 1245 1271 1297 1323 1350 1376 1402 1428 1455 1481 1507 1533 1559 1586 1612 1638 1664 1690 1717 1743 1769 1795 1821 1848 1874 1900 1926 1952 1979 2005 2031 2058 2084 2110 2136 2162 2188 2214 2240 2266 2294 2320 2346 2372 2398 2424 2450 2476 2502 2528 2556 2582 2608 2634 2660 2686 2712 2738 2764 2792 2818 2844 2870 2896 2922 2948 2974 3000 3026 3054 3080 3106 3132 3158 3184 3210 3236 3262 3288 3316 3342 
14.2188 42.5312 70.8125 99.125 127.438 155.75 184 212.375 240.625 269 297.25 325.5 353.75 382.25 410.5 438.75 467 495.25 523.5 552 580.5 608.5 637 665 693.5 722 750 778.5 806.5 835 863.5 891.5 920 948 976.5 1005 1033 1061 1090 1118 1146 1175 1203 1231 1260 1288 1316 1344 1373 1401 1429 1458 1486 1514 1543 1571 1599 1628 1656 1684 1712 1741 1769 1797 1826 1854 1882 1911 1939 1967 1995 2024 2052 2080 2108 2136 2166 2194 2222 2250 2278 2306 2336 2364 2392 2420 2448 2476 2504 2534 2562 2590 2618 2646 2674 2704 2732 2760 2788 2816 2844 2872 2902 2930 2958 2986 3014 3042 3070 3100 3128 3156 3184 3212 3240 3270 3298 3326 3354 3382 3410 3438 3468 3496 3524 3552 3580 3608 
